0	8.338678857321451
1	8.023136452991155
2	7.855886494200812
3	7.732498967625917
4	7.732505336128913
5	7.607920778573398
6	7.8018509477977736
7	7.856197252241608
8	7.920669528879463
9	7.929066456138628
10	8.260503185838388
11	8.292159262235083
12	8.371332618774751
13	8.383911327155067
14	8.6217364440848
15	8.681591147486778
16	8.985805223657067
17	9.05080506131749
18	8.917601249628001
19	8.894180140907388
20	8.976065063817432
21	8.944625685545153
22	8.740782567061592
23	8.464689470473804
24	7.975474570799591
25	7.857350815810181
26	7.722892058063637
27	7.6273332413598816
28	7.652343527019735
29	7.716097927300664
30	7.851370223097215
31	7.860926449935416
32	8.06972072333775
33	8.263533364825683
34	8.503086338911812
35	8.57557457566465
36	8.806933064428796
37	8.87453297604264
38	9.049580422823608
39	9.17889171166291
40	9.453659642509681
41	9.358392601145423
42	9.249939530000486
43	9.029705585680256
44	9.054703671780642
45	8.868748583697966
46	8.654827787767719
47	8.193672145546225
48	8.056184017295827
49	7.754406767599452
50	7.656743229101404
51	7.717334899179554
52	7.817060405742172
53	8.01314026627486
54	8.044771218682818
55	8.308215366772927
56	8.425404600061174
57	8.468270656652816
58	8.904891285757671
59	8.748734712152533
60	8.721039075240977
61	8.778606925107827
62	9.050741611735297
63	8.985191392468446
64	9.052160084627225
65	9.284208438059661
66	9.089674237819471
67	8.865215435669693
68	8.824605092214608
69	8.59384185648984
70	8.50631621106682
71	8.173766056260105
72	7.939047452656956
73	7.817391160378741
74	7.735786652820028
75	7.741367777746165
76	7.9351288854237145
77	7.938921296767319
78	8.25183295655247
79	8.278469570923244
80	8.440346017689343
81	8.69958487025833
82	8.789270309109359
83	8.838519995080006
84	8.892507771892054
85	8.927094434570188
86	9.155073678862074
87	9.313665396065334
88	9.611269026018174
89	9.5810110864054
90	9.387033502793962
91	9.205178037117816
92	9.0929605356795
93	8.944320653428296
94	9.541559434135873
95	8.628220157611985
96	8.610432186073673
97	8.228907736984562
98	8.080194470757368
99	7.790889295030785
100	7.682662892017005
101	7.811212454754153
102	7.854510740214053
103	8.054000895128418
104	8.299725893691104
105	8.35736119698886
106	8.420513875972347
107	8.429178016888459
108	8.570641535952426
109	8.564094974996436
110	8.773696341372506
111	8.762238546566962
112	9.119171644824245
113	11.14420725885432
114	10.388285946868951
115	8.716431147398113
116	8.673972285306602
117	8.512749820459462
118	8.414777498545146
119	8.136298713499498
120	7.953758842882388
121	7.757993816307922
122	7.6268206653823984
123	7.649918752221497
124	7.641701223867821
125	7.830809970820943
126	7.92992622906129
127	8.036958463160818
128	8.192104080528122
129	8.353459666640145
130	8.479355258674474
131	8.430761119391446
132	8.613206533305146
133	8.615007453075304
134	8.845312100350723
135	9.03369172093693
136	9.546727416489125
137	9.319353955561654
138	9.165603733091483
139	9.14937559772438
140	9.152151257587876
141	8.942526764987077
142	8.787131220933407
143	8.433900920868828
144	8.152133745271327
145	7.879914345260332
146	7.583052002179097
147	7.420476282170461
148	7.434115525262539
149	7.492903080170761
150	7.630181062008386
151	7.813207567410107
152	8.014424138122827
153	8.044971982826096
154	8.442343254802104
155	8.494451197195746
156	8.450110691470764
157	8.525131668954398
158	8.752472300740806
159	8.822946991639363
160	8.9637785154004
161	8.971731017372168
162	8.892110539315755
163	8.88272517662455
164	8.969919969936818
165	8.925144806621718
166	8.812200942713329
167	8.336884939776624
168	7.9596521096072435
169	7.661868776592854
170	7.50579805743259
171	7.370170201423651
172	7.388746016802011
173	7.435044126629616
174	7.588864663416488
175	7.731635606433596
176	7.922963312133983
177	8.159678133961478
178	8.486558939698627
179	8.640497368460458
180	8.842089982378534
181	8.931573003927282
182	9.143656702094205
183	9.302977777376707
184	9.54997486275985
185	9.502063723890945
186	9.278494315915347
187	8.99622588548797
188	8.7375949536707
189	8.46407241756702
190	8.271934094078405
191	8.063216116439156
192	7.809450719710698
193	7.714136133532271
194	7.599518445226523
195	7.627263864118955
196	7.852128185869728
197	7.970515945100017
198	8.11256444100195
199	8.215207843869184
200	8.35026021900358
201	8.364959308531876
202	8.427506155699831
203	8.449386375050409
204	8.582900646675638
205	8.564161231723388
206	9.098638441326116
207	9.00952848512543
208	9.241080902166974
209	9.307745922360308
210	8.982573706751255
211	8.848085247367433
212	8.519618064576305
213	8.553882463454055
214	8.395354798159218
215	8.13076385633474
216	7.84739997385994
217	7.7894572714803845
218	7.690215097125417
219	7.693841000608837
220	7.716159598045255
221	7.9093255183274085
222	8.064637011841079
223	8.480277146361692
224	8.15519111626633
225	8.24459121705081
226	8.244025284288778
227	8.340560648147637
228	8.535140306213432
229	8.588207558684621
230	8.826172335068692
231	8.937471210231726
232	9.229590309615268
233	9.302484600798115
234	9.104916353904134
235	8.7289047810716
236	8.542774407416386
237	8.424613175074828
238	8.34634739313482
239	8.110362658583545
240	7.883381247039857
241	7.761705225368612
242	7.7527634513909955
243	7.741751255644866
244	7.82289836689662
245	8.012898907869673
246	8.07289675241207
247	8.132868480917452
248	8.285605407450538
249	8.245090957307642
250	9.192738634672907
251	8.99134005304104
252	8.47052230881055
253	8.605783448308689
254	8.782458451587848
255	8.849234327127498
256	9.164570810539047
257	9.246984612996336
258	9.131824475443693
259	8.84586208893375
260	8.553163960747899
261	8.354175167281415
262	8.177536355305435
263	7.888332436972442
264	7.707156707224098
265	7.528116691140905
266	7.572368988413874
267	7.534147982133128
268	7.697662194479534
269	7.710465382868373
270	8.035072919050739
271	8.092180805991566
272	8.410088513602155
273	8.453374308544255
274	8.539497481974285
275	8.246993560299696
276	8.40330024185456
277	8.517348113058393
278	8.83607556794783
279	9.018437838783406
280	9.226504486563815
281	9.310478708777667
282	9.147151088319621
283	8.901946040955124
284	8.680506609876982
285	8.495866549239295
286	8.347851310078767
287	8.098307369946392
288	7.873651645689235
289	7.732003184801554
290	7.741860499899157
291	7.577828026181466
292	7.701473382607158
293	7.813115984005771
294	8.013561595258864
295	8.017322090748799
296	8.156195661398883
297	8.145329418888792
298	8.307917957233048
299	8.344792830616598
300	8.361180684326992
301	8.377863716263033
302	8.72061541146218
303	8.775108426148169
304	9.151572111789951
305	8.962362720956428
306	8.915037701348016
307	8.861998805729696
308	8.74907087381933
309	8.696703079999502
310	8.521353543907308
311	8.154162366893559
312	7.798681228615891
313	7.6372165176617735
314	7.430118867534055
315	7.267945102313128
316	7.292851658342736
317	7.22331144129489
318	7.49731307355329
319	7.844984726636849
320	7.946339606447895
321	8.108136312331254
322	8.481807695782212
323	8.397177144766749
324	8.394447585098279
325	8.42146714462567
326	8.758108524605406
327	8.716186281239887
328	9.057096877373453
329	8.87910499037369
330	8.945926892389242
331	9.002153767582072
332	9.028100792122753
333	8.920003980274396
334	8.829022984540813
335	8.27643131172461
336	7.9118781907479185
337	7.6310274494889985
338	7.440073489556145
339	7.340807123450684
340	7.267242876353536
341	7.403030237031963
342	7.538943671163853
343	7.770070369996493
344	7.9047890582961555
345	8.216605758326347
346	8.405850707885552
347	8.429978094368579
348	8.355478992145013
349	8.487416163356539
350	8.572436955701386
351	8.597121369936204
352	9.058638636652717
353	9.11639999366927
354	8.916996780957488
355	9.009039055033561
356	8.867600325046455
357	8.768645077069124
358	8.46223432585722
359	8.1573973719643
360	7.807846053830739
361	7.597168861136721
362	7.488507930483347
363	7.388349721471274
364	7.481345414679204
365	7.580439783256766
366	7.867180664542228
367	7.945922860912085
368	8.281542855023945
369	8.500870418667262
370	8.733194442430305
371	8.735918745832244
372	8.728847410136371
373	8.870645887990786
374	8.959031341665469
375	9.190011484679715
376	9.313103116086173
377	9.519506619812013
378	9.23613265905611
379	8.936451986000918
380	8.545144116583053
381	8.163208747338208
382	7.90774734859939
383	7.706341335664497
384	7.424240553586316
385	7.396877185510203
386	7.290089527980555
387	7.315292748307186
388	7.406542735719285
389	7.53833200636268
390	7.66420267140084
391	7.788611535658205
392	7.964460897497097
393	8.23625561917344
394	8.286709552281254
395	8.169959686050486
396	8.124265499880655
397	8.21155015820857
398	8.63751299919287
399	8.664598388609718
400	8.735961001384506
401	8.9288035621584
402	8.736801422228275
403	8.50013652550864
404	8.203893629158511
405	7.979791175618585
406	7.915230406865115
407	7.678509428662805
408	7.451506544511275
409	7.3854594671207385
410	7.316034618297426
411	7.274378729107203
412	7.367822186719807
413	7.495521769859586
414	7.571117915324157
415	7.770301775449572
416	7.816489328577798
417	7.904276320924166
418	8.004595319397154
419	7.972718200108595
420	8.082573251845824
421	8.343030568112045
422	8.554609614150216
423	8.65935167063267
424	9.010394917506755
425	9.043045361569257
426	8.843557776863664
427	8.638829451021639
428	8.36484147805983
429	8.19450643502206
430	7.968505956277568
431	7.6731098193119776
432	7.465796255836675
433	7.304431842267469
434	7.21455553851289
435	7.2294632537676025
436	7.405473450905594
437	7.49013264283785
438	7.65653273812888
439	7.754591977274025
440	7.849478925806852
441	7.897802094100729
442	8.003771935902812
443	8.069839413089088
444	8.127856493192276
445	8.18433725293259
446	8.400718609445345
447	8.690745418863951
448	8.892912472461317
449	8.838537508242059
450	8.683499900781094
451	8.602556687039321
452	8.447431519819096
453	8.223060353683593
454	8.02600693654961
455	7.7511268620217155
456	7.573309027954263
457	7.389195724626814
458	7.408312083491176
459	7.318770971717551
460	7.371164739522137
461	7.471979159610814
462	7.561971071918335
463	7.686408571325696
464	7.880870172332671
465	7.9960269086162015
466	8.163694634116144
467	8.11244869810503
468	8.141667325129934
469	8.386636219818104
470	8.814324962644665
471	8.892196005982882
472	9.20893636633412
473	9.416561575702993
474	9.32269469019855
475	9.29470729477041
476	9.166451823786453
477	9.04485249083702
478	8.649348392938778
479	8.313839507095317
480	7.9217835418051195
481	7.715392117847884
482	7.415625911239129
483	7.155672873442034
484	7.237273504242688
485	7.257396284784361
486	7.5774647514999405
487	7.774966504515064
488	8.020166770828066
489	8.067027975979437
490	8.29935442848317
491	8.305349947533053
492	8.297124551853441
493	8.27184463453477
494	8.533979861637865
495	8.470033066276489
496	8.694827615810077
497	8.758398305275755
498	8.764503167615931
499	8.624305894634878
500	8.703598088694877
501	8.720986554257712
502	8.433016298599277
503	8.232956698056054
504	7.72510140297546
505	7.4233200923960725
506	7.266627070681468
507	7.111132125311352
508	7.110142998267332
509	7.190092067007692
510	7.391815764692059
511	7.648466821787243
512	7.922281383214488
513	8.233706547607035
514	8.671509292379191
515	8.632447369518388
516	8.732895856682678
517	8.899546573911149
518	9.157999392782312
519	9.217640436808804
520	9.622048753177335
521	9.599601663700987
522	9.483533876542051
523	9.219857050566777
524	8.788521993804556
525	8.418859552851016
526	8.19138758924408
527	7.869440749453888
528	7.616750458765173
529	7.484498602831187
530	7.487805234348373
531	7.573884403423416
532	7.482725100355551
533	7.666334376855607
534	7.860319245704989
535	7.981976618813313
536	8.065522298170322
537	8.183326042724204
538	8.264751871052011
539	8.159262342642903
540	8.293183821711883
541	8.270161007601413
542	8.636384440796684
543	8.828883683295087
544	9.164419282795677
545	9.193857834382587
546	8.82754037060193
547	8.585774188845186
548	8.459426476484085
549	8.20926055386857
550	8.13058642277698
551	7.85928965893151
552	7.686736929697426
553	7.493961929796757
554	7.445272582182769
555	7.547879859627665
556	7.6530854754696875
557	7.833983268827526
558	7.997304684399522
559	8.063115401038528
560	8.205738791195898
561	8.14922305038569
562	8.231405158825169
563	8.338436829683484
564	8.358719582863646
565	8.606868826857689
566	8.929468307479578
567	8.990846851887218
568	9.352179019336608
569	9.659764310064443
570	9.401907458095096
571	9.085282894557224
572	8.949366152282051
573	8.61852063831285
574	8.404700987920279
575	8.278483944972677
576	8.129839367465076
577	7.918785596230007
578	7.889556552394906
579	7.9134363884326895
580	7.970769876576812
581	8.154128156946472
582	8.254520038571828
583	8.361399872995744
584	8.315805003593479
585	8.483080722543777
586	8.577879104019141
587	8.842962206200857
588	8.907095392268086
589	8.964692649645494
590	9.211377143068196
591	9.475626932557388
592	9.817815768492174
593	9.849845935396848
594	9.551635232048802
595	9.285596977837383
596	9.169638059193264
597	8.896196803626648
598	8.75990437615852
599	8.47544056300077
600	8.218480001896827
601	7.955411951522441
602	7.982732216999364
603	7.854479170776479
604	7.9980068349218385
605	8.102188371675222
606	8.270223266732131
607	8.28283634432661
608	8.417873526767258
609	8.380708061056621
610	8.68780080713952
611	8.635171111930738
612	8.73832578526941
613	8.862790886396104
614	9.302959572019034
615	9.559168359879527
616	10.278888395663053
617	10.574676335124597
618	10.109532698348596
619	10.045340123824342
620	9.92337711678229
621	9.624627111165019
622	9.449425511550206
623	9.066816800428686
624	8.727139822378213
625	8.547339104394787
626	8.458085401784889
627	8.572955988705406
628	8.641238400780452
629	8.459106699583902
630	8.559093371866743
631	8.527813802635823
632	8.663750566757571
633	8.847224562536077
634	8.783550244979315
635	8.624377407845802
636	8.57995481109701
637	9.049790705526144
638	9.320516248715004
639	9.04000797570507
640	9.629231752702522
641	9.539088894786698
642	9.299766193773515
643	9.239919426150948
644	9.284405850499722
645	9.011395064384255
646	8.748654134413705
647	8.328552560725738
648	8.153364937319436
649	8.050379149492109
650	7.838238369703329
651	7.6766248270236215
652	7.6667079657414074
653	7.797245884816794
654	8.096942911114853
655	8.147225664649756
656	8.415024404017597
657	8.668970593375697
658	8.84740407606611
659	8.831302851002302
660	8.905940908509887
661	8.922263268826166
662	9.097221943722507
663	9.303180039837002
664	9.763720360411215
665	9.810407484383688
666	9.649951785484351
667	9.652425502932928
668	9.69531808057333
669	9.565494736936055
670	9.237627559170527
671	8.653474183899956
672	8.300597893370131
673	8.026573073163584
674	7.93394957738689
675	7.776895803258105
676	7.770920540347912
677	7.837784885214328
678	8.008955141850304
679	8.237227972704622
680	8.551178951990424
681	8.639717584081994
682	8.838112430895958
683	8.985617527838253
684	9.012814488683043
685	9.144851528435249
686	9.265429383955963
687	9.259045792593703
688	9.695013876165124
689	9.744853655387681
690	9.467786388477178
691	9.25636822598872
692	9.00189244705112
693	8.68813283545483
694	8.460214323357519
695	8.252356307008874
696	8.05489089508207
697	8.027245244684012
698	8.015369442285781
699	7.95978733574806
700	8.119412788061705
701	8.260267745643896
702	8.377725371575966
703	8.586339176113674
704	8.656957388481061
705	8.686882206660894
706	8.675179196919006
707	8.857272266636102
708	8.78891100701014
709	8.89022044474347
710	9.167112211870062
711	9.334232085813444
712	9.657964456036025
713	9.86392065037362
714	9.68065586493066
715	9.551121766171502
716	9.294303844337144
717	8.902931142289274
718	8.654606843404078
719	8.486191256100332
